"year","median_rent","housing_units","net_new_housing","employment","total_wages","CPI"
2
1906,NA,84077,8444,NA,NA,NA
3
1907,NA,100342,16265,NA,NA,NA
4
1908,NA,111220,10878,NA,NA,NA
5
1909,NA,117465,6245,NA,NA,NA
6
1910,NA,125112,7647,NA,NA,NA
7
1911,NA,131757,6645,NA,NA,NA
8
1912,NA,139018,7261,NA,NA,NA
9
1913,NA,144416,5398,NA,NA,0.1
10
1914,NA,149208,4792,NA,NA,0.101
11
1915,NA,153048,3840,NA,NA,0.102
12
1916,NA,156970,3922,NA,NA,0.11
13
1917,NA,159021,2051,NA,NA,0.129
14
1918,NA,159864,843,NA,NA,0.151
15
1919,NA,161761,1897,NA,NA,0.174
16
1920,35,163734,1973,NA,NA,0.201
17
1921,NA,166143,2409,NA,NA,0.18
18
1922,NA,172014,5871,NA,NA,0.169
19
1923,NA,180461,8447,NA,NA,0.172
20
1924,NA,189278,8817,NA,NA,0.172
21
1925,NA,199321,10043,NA,NA,0.176
22
1926,NA,208072,8751,NA,NA,0.178
23
1927,NA,217456,9384,NA,NA,0.175
24
1928,NA,223869,6413,NA,NA,0.172
25
1929,NA,227815,3946,NA,NA,0.172
26
1930,NA,230456,2641,NA,NA,0.168
27
1931,NA,233169,2713,NA,NA,0.153
28
1932,NA,234663,1494,NA,NA,0.137
29
1933,NA,235376,713,NA,NA,0.13
30
1934,NA,235667,291,NA,NA,0.135
31
1935,NA,236494,827,NA,NA,0.138
32
1936,NA,238463,1969,NA,NA,0.139
33
1937,NA,240508,2045,NA,NA,0.144
34
1938,NA,242934,2426,NA,NA,0.142
35
1939,NA,246102,3168,NA,NA,0.14
36
1940,NA,250877,4775,NA,NA,0.141
37
1941,NA,255257,4380,NA,NA,0.148
38
1942,NA,258686,3429,NA,NA,0.164
39
1943,NA,259793,1107,NA,NA,0.174
40
1944,NA,261260,1467,NA,NA,0.177
41
1945,NA,262863,1603,NA,NA,0.181
42
1946,NA,265234,2371,NA,NA,0.196
43
1947,NA,268555,3321,NA,NA,0.225
44
1948,130,271901,3346,NA,NA,0.242
45
1949,100,274572,2671,NA,NA,0.24
46
1950,115,277836,3264,NA,NA,0.242
47
1951,100,281157,3321,NA,NA,0.261
48
1952,88,282390,1233,NA,NA,0.267
49
1953,80,283621,1231,NA,NA,0.269
50
1954,75,285137,1516,NA,NA,0.27
51
1955,77.5,287081,1944,NA,NA,0.269
52
1956,75,288679,1598,NA,NA,0.273
53
1957,85,289988,1309,NA,NA,0.283
54
1958,95,291798,1810,NA,NA,0.291
55
1959,115,294027,2229,NA,NA,0.293
56
1960,110,295256,1229,NA,NA,0.298
57
1961,115,297135,1879,NA,NA,0.301
58
1962,120,300173,3038,NA,NA,0.304
59
1963,130,303107,2934,NA,NA,0.308
60
1964,135,307043,3936,NA,NA,0.312
61
1965,130,310497,3454,NA,NA,0.317
62
1966,135,313093,2596,NA,NA,0.326
63
1967,145,313867,774,NA,NA,0.336
64
1968,165,314645,778,NA,NA,0.35
65
1969,175,315112,467,NA,NA,0.369
66
1970,200,315372,260,NA,NA,0.39
67
1971,205,316312,940,NA,NA,0.407
68
1972,195,317162,850,NA,NA,0.421
69
1973,215,317815,653,NA,NA,0.447
70
1974,220,319495,1680,NA,NA,0.496
71
1975,250,321551,2056,441614,5423094370,0.541
72
1976,260,322324,773,440498,5792051735,0.572
73
1977,315,323804,1480,446824,6334434056,0.609
74
1978,310,325005,1201,508424,7513067243,0.656
75
1979,375,326407,1402,528041,8403483289,0.731
76
1980,422.775,327259,852,553861,9668389157,0.829
77
1981,470.265,327751,492,563506,10797969557,0.914
78
1982,536.751,328298,547,551774,11628517407,0.969
79
1983,536.751,329465,1167,547154,12429122015,0.998
80
1984,600,330176,711,561880,13289475500,1.033
81
1985,683.97,331639,1463,564481,14197798395,1.069
82
1986,778.95,332973,1334,566327,15060386085,1.086
83
1987,826.44,334399,1426,568836,15711358688,1.125
84
1988,778.95,336306,1907,571533,16544183422,1.17
85
1989,821.691,338651,2345,582115,17255905018,1.226
86
1990,897.675,340388,1737,580950,18206304313,1.29
87
1991,921.42,342120,1732,570861,19147767225,1.343
88
1992,911.922,342845,725,538348,19183097194,1.382
89
1993,888.177,343133,288,531298,19488299228,1.421
90
1994,968.91,344319,1186,526881,20058525527,1.456
91
1995,1016.4,344720,401,528498,20965394091,1.498
92
1996,1253.85,345403,683,543998,22582561752,1.541
93
1997,1491.3,346128,725,559696,24798503556,1.576
94
1998,1871.22,347002,874,574902,27223158825,1.597
95
1999,1866.471,348287,1285,590391,30318164358,1.632
96
2000,1966.2,350084,1797,609138,35044909148,1.689
97
2001,2250,351863,1779,586085,35790834351,1.735
98
2002,1740,354271,2408,547304,32022607711,1.759
99
2003,1700,356767,2496,532908,31353901856,1.798
100
2004,1650,358254,1487,520434,32459354675,1.845
101
2005,1625,360109,1855,524940,34955970674,1.91
102
2006,1900,362023,1914,536304,37932234352,1.971
103
2007,2500,364590,2567,556401,41799789955,2.02767
104
2008,2300,367853,3263,573011,43269507745,2.11053
105
2009,2100,371307,3454,549716,40458651115,2.0963
106
2010,2084,372537,1230,545721,41671575557,2.13967
107
2011,2599,372806,269,558990,45096432102,2.21575
108
2012,2700,374123,1317,586538,48947973381,2.26229
109
2013,3100,376083,1960,611717,52477706483,2.29324
110
2014,3300,379597,3514,640378,58836015201,2.32771
111
2015,3500,NA,150,NA,NA,2.3181
112
2016,3650,NA,NA,NA,NA,NA